%YAML:1.0
homography: !!opencv-matrix
   rows: 3
   cols: 3
   dt: d
   data: [ 2.7797712421619400e+00, -8.8246706100379171e-02,
       -2.7532972303318269e+02, -1.3343121390308069e-01,
       2.7292748298357372e+00, -6.8535123504763988e+01,
       -1.2425510587583770e-04, 3.9340235295375330e-04, 1. ]
